    1  163   99   25  160.00
    2  163   99   25  160.15
    3  163   99   25  160.30
    4  163   99   26  160.45
    5  164   97   25  160.60
    6  164   97   26  160.75
    7  165   97   26  160.90
    8  164   96   25  161.05
    9  165   95   25  161.20
   10  165   95   25  161.35
   11  167   94   25  161.50
   12  168   93   25  161.65
   13  168   93   25  161.80
   14  168   93   25  161.95
   15  167   92   24  162.10
   16  167   92   24  162.25
   17  167   92   24  162.40
   18  166   91   23  162.55
   19  169   92   24  162.70
   20  169   92   24  162.85
   21  170   91   24  163.00
   22  170   91   24  163.15
   23  170   91   24  163.30
   24  170   91   24  163.45
   25  169   90   23  163.60
   26  168   90   23  163.75
   27  170   89   23  163.90
   28  172   87   22  164.06
   29  172   87   22  164.21
   30  173   86   22  164.36
   31  174   85   22  164.51
   32  174   86   22  164.66
   33  174   86   22  164.81
   34  175   85   22  164.96
   35  174   84   21  165.11
   36  175   85   22  165.26
   37  174   84   21  165.41
   38  173   83   20  165.56
   39  173   83   20  165.71
   40  173   83   20  165.86
   41  177   83   21  166.01
   42  177   83   21  166.16
   43  177   83   21  166.31
   44  177   83   21  166.46
   45  176   82   20  166.61
   46  176   82   20  166.76
   47  177   81   20  166.91
   48  177   81   20  167.06
   49  179   81   20  167.21
   50  179   81   20  167.36
   51  178   80   19  167.51
   52  178   80   19  167.66
   53  178   80   19  167.81
   54  179   79   19  167.96
   55  181   78   20  168.11
   56  181   78   20  168.26
   57  182   77   20  168.41
   58  182   77   20  168.56
   59  182   77   20  168.71
   60  182   77   20  168.86
   61  181   76   18  169.01
   62  182   76   18  169.16
   63  182   76   18  169.31
   64  182   76   18  169.46
   65  184   75   20  169.61
   66  184   75   18  169.76
   67  186   73   19  169.91
   68  185   74   20  170.06
   69  186   74   19  170.21
   70  186   73   20  170.36
   71  186   73   16  170.51
   72  187   72   18  170.66
   73  188   73   19  170.81
   74  186   73   19  170.96
   75  187   72   17  171.11
   76  187   71   15  171.26
   77  187   71   18  171.41
   78  187   70   17  171.56
   79  187   69   16  171.71
   80  190   68   18  171.86
   81  191   68   16  172.02
   82  191   68   18  172.17
   83  190   68   16  172.32
   84  191   68   17  172.47
   85  192   67   17  172.62
   86  191   67   16  172.77
   87  191   66   15  172.92
   88  190   66   15  173.07
   89  191   66   15  173.22
   90  193   66   15  173.37
   91  193   65   16  173.52
   92  193   64   16  173.67
   93  196   65   16  173.82
   94  194   65   15  173.97
   95  194   64   16  174.12
   96  196   65   16  174.27
   97  196   64   16  174.42
   98  195   63   15  174.57
   99  197   62   15  174.72
  100  198   61   17  174.87
  101  198   61   17  175.02
  102  198   61   17  175.17
  103  198   61   17  175.32
  104  198   61   17  175.47
  105  198   60   14  175.62
  106  198   60   14  175.77
  107  200   59   14  175.92
  108  200   58   14  176.07
  109  201   58   14  176.22
  110  201   58   14  176.37
  111  200   59   16  176.52
  112  200   59   16  176.67
  113  200   59   14  176.82
  114  200   59   16  176.97
  115  200   57   15  177.12
  116  200   57   15  177.27
  117  200   57   13  177.42
  118  200   57   13  177.57
  119  200   57   13  177.72
  120  203   56   13  177.87
  121  202   53   13  178.02
  122  205   53   14  178.17
  123  205   53   14  178.32
  124  205   52   14  178.47
  125  205   53   14  178.62
  126  205   53   14  178.77
  127  206   52   14  178.92
  128  205   51   13  179.07
  129  207   51   13  179.22
  130  207   51   13  179.37
  131  207   51   13  179.52
  132  207   51   13  179.67
  133  207   50   13  179.82
  134  208   50   13  179.97
  135  209   49   13  180.13
  136  209   49   13  180.28
  137  209   48   13  180.43
  138  209   47   12  180.58
  139  210   47   12  180.73
  140  210   47   12  180.88
  141  211   47   12  181.03
  142  211   47   12  181.18
  143  211   47   12  181.33
  144  211   47   12  181.48
  145  211   45   10  181.63
  146  211   45   11  181.78
  147  212   44   11  181.93
  148  212   43   11  182.08
  149  213   45   10  182.23
  150  214   43   11  182.38
  151  213   44   10  182.53
  152  214   42   10  182.68
  153  213   42   10  182.83
  154  213   43    9  182.98
  155  214   42    9  183.13
  156  213   43    9  183.28
  157  215   42    9  183.43
  158  215   41    9  183.58
  159  215   41    9  183.73
  160  216   40    9  183.88
  161  218   40    9  184.03
  162  218   40    9  184.18
  163  217   40    9  184.33
  164  218   41    9  184.48
  165  217   39    9  184.63
  166  217   38    9  184.78
  167  219   38    9  184.93
  168  218   37    8  185.08
  169  217   36    8  185.23
  170  217   38    8  185.38
  171  219   36    6  185.53
  172  218   35    7  185.68
  173  218   36    7  185.83
  174  221   36    5  185.98
  175  223   35    8  186.13
  176  222   35    6  186.28
  177  223   35    8  186.43
  178  222   34    7  186.58
  179  223   33    9  186.73
  180  223   33    9  186.88
  181  223   32    6  187.03
  182  224   33    7  187.18
  183  226   32    7  187.33
  184  226   32    7  187.48
  185  226   31    9  187.63
  186  226   31    9  187.78
  187  227   31    9  187.93
  188  226   30    8  188.09
  189  228   29    6  188.24
  190  228   29    6  188.39
  191  228   27    7  188.54
  192  228   27    9  188.69
  193  228   27    7  188.84
  194  228   27    7  188.99
  195  228   27    7  189.14
  196  229   27    7  189.29
  197  231   26    7  189.44
  198  231   26    7  189.59
  199  231   26    7  189.74
  200  231   26    7  189.89
  201  231   26    7  190.04
  202  231   26    7  190.19
  203  231   26    7  190.34
  204  232   25    7  190.49
  205  231   24    6  190.64
  206  231   24    6  190.79
  207  233   23    6  190.94
  208  234   23    6  191.09
  209  233   23    6  191.24
  210  234   23    6  191.39
  211  234   23    6  191.54
  212  234   23    6  191.69
  213  234   23    6  191.84
  214  234   23    6  191.99
  215  234   21    5  192.14
  216  235   20    5  192.29
  217  236   20    5  192.44
  218  236   20    5  192.59
  219  236   20    5  192.74
  220  237   20    5  192.89
  221  238   18    4  193.04
  222  238   18    4  193.19
  223  238   17    4  193.34
  224  238   17    4  193.49
  225  240   17    5  193.64
  226  239   16    5  193.79
  227  240   16    5  193.94
  228  238   15    6  194.09
  229  242   14    6  194.24
  230  240   13    5  194.39
  231  242   14    6  194.54
  232  241   13    6  194.69
  233  242   14    6  194.84
  234  242   15    4  194.99
  235  242   13    5  195.14
  236  242   12    5  195.29
  237  243   10    3  195.44
  238  243   12    4  195.59
  239  243   10    3  195.74
  240  244   10    4  195.89
  241  245   10    3  196.05
  242  244   10    3  196.20
  243  245    9    3  196.35
  244  243    9    2  196.50
  245  247    9    4  196.65
  246  246    8    4  196.80
  247  246    8    2  196.95
  248  246    8    2  197.10
  249  247    7    3  197.25
  250  247    7    4  197.40
  251  248    6    2  197.55
  252  249    6    3  197.70
  253  250    5    3  197.85
  254  249    8    2  198.00
  255  249    6    2  198.15
  256  248    5    2  198.30
  257  249    6    2  198.45
  258  249    6    2  198.60
  259  250    5    2  198.75
  260  251    4    2  198.90
  261  242  203    1  199.05
  262  242  204    1  199.20
  263  242  204    1  199.35
  264  242  205    1  199.50
  265  242  205    1  199.65
  266  242  205    1  199.80
  267  242  205    1  199.95
  268  242  205    1  200.10
  269  242  206    1  200.25
  270  242  206    1  200.40
  271  242  207    1  200.55
  272  242  207    1  200.70
  273  242  207    1  200.85
  274  242  207    1  201.00
  275  243  208    1  201.15
  276  243  208    1  201.30
  277  241  209    1  201.45
  278  242  210    1  201.60
  279  242  210    1  201.75
  280  242  210    1  201.90
  281  242  210    1  202.05
  282  242  210    1  202.20
  283  242  210    1  202.35
  284  242  210    1  202.50
  285  242  212    1  202.65
  286  242  212    1  202.80
  287  242  212    1  202.95
  288  243  213    1  203.10
  289  243  213    1  203.25
  290  242  212    1  203.40
  291  241  214    1  203.55
  292  241  214    1  203.70
  293  241  214    1  203.85
  294  241  214    1  204.01
  295  242  215    1  204.16
  296  241  214    1  204.31
  297  241  216    1  204.46
  298  241  216    1  204.61
  299  241  216    1  204.76
  300  241  216    1  204.91
  301  242  217    1  205.06
  302  242  217    1  205.21
  303  242  217    1  205.36
  304  242  217    1  205.51
  305  240  217    1  205.66
  306  243  216    1  205.81
  307  242  216    1  205.96
  308  242  217    1  206.11
  309  243  220    1  206.26
  310  242  219    1  206.41
  311  242  220    1  206.56
  312  242  220    1  206.71
  313  243  219    1  206.86
  314  243  219    1  207.01
  315  241  221    1  207.16
  316  242  222    1  207.31
  317  239  220    1  207.46
  318  243  222    1  207.61
  319  242  221    1  207.76
  320  242  222    1  207.91
  321  241  222    1  208.06
  322  241  223    1  208.21
  323  241  222    1  208.36
  324  242  221    1  208.51
  325  241  223    1  208.66
  326  241  224    1  208.81
  327  241  224    1  208.96
  328  242  225    1  209.11
  329  240  226    1  209.26
  330  241  224    1  209.41
  331  241  226    1  209.56
  332  240  226    1  209.71
  333  239  228    1  209.86
  334  240  226    1  210.01
  335  241  227    1  210.16
  336  240  228    1  210.31
  337  241  228    1  210.46
  338  242  229    1  210.61
  339  242  229    1  210.76
  340  242  229    1  210.91
  341  241  230    1  211.06
  342  241  230    1  211.21
  343  241  230    1  211.36
  344  241  230    1  211.51
  345  242  231    1  211.66
  346  242  231    1  211.81
  347  242  231    1  211.96
  348  242  231    1  212.12
  349  240  232    1  212.27
  350  240  232    1  212.42
  351  241  233    1  212.57
  352  241  233    1  212.72
  353  241  232    1  212.87
  354  241  233    1  213.02
  355  241  235    1  213.17
  356  241  235    1  213.32
  357  241  235    1  213.47
  358  241  235    1  213.62
  359  241  235    1  213.77
  360  241  235    1  213.92
  361  242  236    1  214.07
  362  242  236    1  214.22
  363  242  236    1  214.37
  364  242  236    1  214.52
  365  241  236    1  214.67
  366  240  237    1  214.82
  367  239  237    1  214.97
  368  240  238    1  215.12
  369  241  238    1  215.27
  370  241  238    1  215.42
  371  240  239    1  215.57
  372  240  239    1  215.72
  373  240  239    1  215.87
  374  240  239    1  216.02
  375  241  240    1  216.17
  376  241  240    1  216.32
  377  240  241    1  216.47
  378  242  243    1  216.62
  379  243  242    1  216.77
  380  242  241    1  216.92
  381  140  242    1  217.07
  382  139  242    1  217.22
  383  138  241    1  217.37
  384  139  242    1  217.52
  385  137  241    1  217.67
  386  138  241    1  217.82
  387  137  241    1  217.97
  388  136  239    1  218.12
  389  136  239    1  218.27
  390  135  240    1  218.42
  391  134  238    1  218.57
  392  133  238    1  218.72
  393  134  239    1  218.87
  394  131  239    1  219.02
  395  130  238    1  219.17
  396  130  238    1  219.32
  397  131  238    1  219.47
  398  128  237    1  219.62
  399  129  236    1  219.77
  400  128  236    1  219.92
  401  127  236    1  220.08
  402  128  235    1  220.23
  403  128  236    1  220.38
  404  125  236    1  220.53
  405  126  234    1  220.68
  406  126  234    1  220.83
  407  123  235    1  220.98
  408  122  234    1  221.13
  409  123  234    1  221.28
  410  122  233    1  221.43
  411  120  233    1  221.58
  412  120  233    1  221.73
  413  122  232    1  221.88
  414  120  234    1  222.03
  415  120  231    1  222.18
  416  121  232    1  222.33
  417  120  232    1  222.48
  418  119  231    1  222.63
  419  118  231    1  222.78
  420  118  231    1  222.93
  421  117  230    1  223.08
  422  117  230    1  223.23
  423  117  230    1  223.38
  424  117  230    1  223.53
  425  111  228    1  223.68
  426  111  228    1  223.83
  427  111  228    1  223.98
  428  110  227    1  224.13
  429  110  226    1  224.28
  430  110  226    1  224.43
  431  109  226    1  224.58
  432  108  226    1  224.73
  433  109  226    1  224.88
  434  108  226    1  225.03
  435  105  226    1  225.18
  436  105  226    1  225.33
  437  105  226    1  225.48
  438  104  225    1  225.63
  439  104  225    1  225.78
  440  104  225    1  225.93
  441  103  223    1  226.08
  442  103  223    1  226.23
  443  103  223    1  226.38
  444  103  223    1  226.53
  445  101  222    1  226.68
  446  101  223    1  226.83
  447  100  223    1  226.98
  448   99  222    1  227.13
  449   98  222    1  227.28
  450   98  222    1  227.43
  451   97  221    1  227.58
  452   97  221    1  227.73
  453   97  221    1  227.88
  454   97  221    1  228.04
  455   95  220    1  228.19
  456   95  220    1  228.34
  457   95  220    1  228.49
  458   93  218    1  228.64
  459   93  218    1  228.79
  460   93  218    1  228.94
  461   91  218    1  229.09
  462   91  218    1  229.24
  463   91  218    1  229.39
  464   91  218    1  229.54
  465   89  217    1  229.69
  466   90  216    1  229.84
  467   90  216    1  229.99
  468   89  214    1  230.14
  469   88  215    1  230.29
  470   86  216    1  230.44
  471   85  215    1  230.59
  472   85  214    1  230.74
  473   85  217    1  230.89
  474   85  216    1  231.04
  475   81  213    1  231.19
  476   82  213    1  231.34
  477   79  214    1  231.49
  478   78  212    1  231.64
  479   78  212    1  231.79
  480   79  211    1  231.94
  481   78  210    1  232.09
  482   78  211    1  232.24
  483   77  211    1  232.39
  484   78  210    1  232.54
  485   78  209    1  232.69
  486   77  210    1  232.84
  487   77  211    1  232.99
  488   72  210    1  233.14
  489   76  210    1  233.29
  490   72  211    1  233.44
  491   71  208    1  233.59
  492   72  208    1  233.74
  493   71  210    1  233.89
  494   70  210    1  234.04
  495   70  209    1  234.19
  496   69  207    1  234.34
  497   69  208    1  234.49
  498   68  207    1  234.64
  499   68  207    1  234.79
  500   68  207    1  234.94
  501   67  206    1  235.09
  502   67  206    1  235.24
  503   67  206    1  235.39
  504   67  206    1  235.54
  505   66  205    1  235.69
  506   66  205    1  235.84
  507   66  205    1  235.99
  508   65  204    1  236.15
  509   63  204    1  236.30
  510   63  204    1  236.45
  511   61  204    1  236.60
  512   61  204    1  236.75
  513   61  204    1  236.90
  514   61  204    1  237.05
  515   59  201    1  237.20
  516   58  201    1  237.35
  517   57  202    1  237.50
  518   55  201    1  237.65
  519   56  201    1  237.80
  520   56  201    1  237.95
  521   55  200    1  238.10
  522   55  200    1  238.25
  523   55  200    1  238.40
  524   55  200    1  238.55
  525   52  198    1  238.70
  526   52  198    1  238.85
  527   52  198    1  239.00
  528   50  196    1  239.15
  529   49  197    1  239.30
  530   49  197    1  239.45
  531   50  198    1  239.60
  532   49  197    1  239.75
  533   50  198    1  239.90
  534   50  198    1  240.05
  535   45  195    1  240.20
  536   45  195    1  240.35
  537   44  195    1  240.50
  538   44  196    1  240.65
  539   44  196    1  240.80
  540   44  195    1  240.95
  541   43  194    1  241.10
  542   43  194    1  241.25
  543   42  194    1  241.40
  544   41  194    1  241.55
  545   39  193    1  241.70
  546   38  193    1  241.85
  547   39  192    1  242.00
  548   37  192    1  242.15
  549   36  191    1  242.30
  550   38  192    1  242.45
  551   37  191    1  242.60
  552   35  190    1  242.75
  553   36  192    1  242.90
  554   35  190    1  243.05
  555   33  190    1  243.20
  556   35  190    1  243.35
  557   33  189    1  243.50
  558   33  189    1  243.65
  559   33  188    1  243.80
  560   34  189    1  243.95
  561   33  187    1  244.11
  562   31  188    1  244.26
  563   31  188    1  244.41
  564   31  188    1  244.56
  565   28  187    1  244.71
  566   29  186    1  244.86
  567   30  187    1  245.01
  568   27  184    1  245.16
  569   27  184    1  245.31
  570   26  185    1  245.46
  571   24  184    1  245.61
  572   26  183    1  245.76
  573   26  184    1  245.91
  574   24  185    1  246.06
  575   19  184    1  246.21
  576   21  183    1  246.36
  577   20  184    1  246.51
  578   19  183    1  246.66
  579   19  183    1  246.81
  580   19  183    1  246.96
  581   17  180    1  247.11
  582   17  180    1  247.26
  583   17  180    1  247.41
  584   17  180    1  247.56
  585   15  180    1  247.71
  586   15  180    1  247.86
  587   15  180    2  248.01
  588   15  180    1  248.16
  589   12  179    1  248.31
  590   13  180    1  248.46
  591    5  218  252  248.61
  592    5  219  253  248.76
  593    5  219  253  248.91
  594    5  219  253  249.06
  595    5  215  250  249.21
  596    5  215  250  249.36
  597    5  215  250  249.51
  598    5  213  248  249.66
  599    5  213  248  249.81
  600    5  211  248  249.96
  601    5  208  248  250.11
  602    5  208  248  250.26
  603    5  207  247  250.41
  604    5  208  248  250.56
  605    5  207  247  250.71
  606    5  207  247  250.86
  607    5  206  247  251.01
  608    5  203  245  251.16
  609    5  202  245  251.31
  610    5  202  245  251.46
  611    5  199  245  251.61
  612    5  199  245  251.76
  613    5  200  245  251.91
  614    5  199  245  252.07
  615    5  195  243  252.22
  616    5  195  243  252.37
  617    5  195  243  252.52
  618    5  192  242  252.67
  619    5  192  243  252.82
  620    5  192  243  252.97
  621    5  191  242  253.12
  622    5  191  242  253.27
  623    5  191  242  253.42
  624    5  190  242  253.57
  625    5  184  241  253.72
  626    5  182  242  253.87
  627    5  181  242  254.02
  628    5  179  239  254.17
  629    5  179  238  254.32
  630    5  178  237  254.47
  631    5  177  236  254.62
  632    5  177  237  254.77
  633    5  176  237  254.92
  634    5  175  238  255.07
  635    5  175  237  255.22
  636    5  175  236  255.37
  637    5  174  238  255.52
  638    5  170  233  255.67
  639    5  171  234  255.82
  640    5  169  235  255.97
  641    5  166  234  256.12
  642    5  165  234  256.27
  643    5  166  235  256.42
  644    5  166  233  256.57
  645    5  163  231  256.72
  646    5  164  232  256.87
  647    5  163  234  257.02
  648    5  161  231  257.17
  649    5  160  233  257.32
  650    5  161  232  257.47
  651    5  157  231  257.62
  652    5  157  232  257.77
  653    5  156  231  257.92
  654    5  158  232  258.07
  655    5  154  231  258.22
  656    5  154  232  258.37
  657    5  153  230  258.52
  658    5  151  228  258.67
  659    5  150  229  258.82
  660    5  150  229  258.97
  661    5  148  227  259.12
  662    5  148  227  259.27
  663    5  148  227  259.42
  664    5  148  227  259.57
  665    5  145  225  259.72
  666    5  145  225  259.87
  667    5  144  227  260.03
  668    5  142  225  260.18
  669    5  142  226  260.33
  670    5  140  225  260.48
  671    5  138  223  260.63
  672    5  138  223  260.78
  673    5  138  223  260.93
  674    5  138  223  261.08
  675    5  133  221  261.23
  676    5  131  222  261.38
  677    5  131  221  261.53
  678    5  128  218  261.68
  679    5  129  219  261.83
  680    5  129  219  261.98
  681    5  126  220  262.13
  682    5  126  220  262.28
  683    5  125  220  262.43
  684    5  125  220  262.58
  685    5  121  217  262.73
  686    5  121  218  262.88
  687    5  121  220  263.03
  688    5  119  218  263.18
  689    5  119  218  263.33
  690    5  119  218  263.48
  691    5  116  216  263.63
  692    5  116  216  263.78
  693    5  116  216  263.93
  694    5  116  216  264.08
  695    5  112  216  264.23
  696    5  112  216  264.38
  697    5  112  216  264.53
  698    5  110  214  264.68
  699    5  110  214  264.83
  700    5  108  215  264.98
  701    5  106  214  265.13
  702    5  106  214  265.28
  703    5  106  214  265.43
  704    5  106  214  265.58
  705    5  102  213  265.73
  706    5  102  213  265.88
  707    5  102  213  266.03
  708    5  100  213  266.18
  709    5  101  211  266.33
  710    5  101  213  266.48
  711    5   95  210  266.63
  712    5   97  209  266.78
  713    5   95  210  266.93
  714    5   95  209  267.08
  715    5   93  209  267.23
  716    5   93  209  267.38
  717    5   93  209  267.53
  718    5   90  208  267.68
  719    5   90  208  267.83
  720    5   90  206  267.98
  721    5   87  206  268.14
  722    5   86  206  268.29
  723    5   87  207  268.44
  724    5   87  207  268.59
  725    5   82  207  268.74
  726    5   79  204  268.89
  727    5   78  206  269.04
  728    5   76  204  269.19
  729    5   78  203  269.34
  730    5   77  204  269.49
  731    5   74  202  269.64
  732    5   73  202  269.79
  733    5   73  203  269.94
  734    5   74  203  270.09
  735    5   71  201  270.24
  736    5   72  201  270.39
  737    5   71  201  270.54
  738    5   69  199  270.69
  739    5   68  200  270.84
  740    5   67  200  270.99
  741    5   64  198  271.14
  742    5   64  198  271.29
  743    5   64  198  271.44
  744    5   64  198  271.59
  745    5   61  198  271.74
  746    5   61  198  271.89
  747    5   60  198  272.04
  748    5   58  196  272.19
  749    5   58  196  272.34
  750    5   58  196  272.49
  751    5   55  196  272.64
  752    5   56  197  272.79
  753    5   55  198  272.94
  754    5   54  198  273.09
  755    5   50  195  273.24
  756    5   51  196  273.39
  757    5   51  196  273.54
  758    5   49  194  273.69
  759    5   48  194  273.84
  760    5   48  194  273.99
  761    5   46  194  274.14
  762    5   46  194  274.29
  763    5   45  194  274.44
  764    5   45  194  274.59
  765    5   42  192  274.74
  766    5   42  192  274.89
  767    5   42  192  275.04
  768    5   40  190  275.19
  769    5   39  190  275.34
  770    5   40  190  275.49
  771    5   36  189  275.64
  772    5   36  189  275.79
  773    5   35  188  275.94
  774    5   36  189  276.10
  775    5   29  187  276.25
  776    5   29  187  276.40
  777    5   29  187  276.55
  778    5   28  185  276.70
  779    5   26  186  276.85
  780    5   26  187  277.00
  781    5   23  185  277.15
  782    5   23  185  277.30
  783    5   23  186  277.45
  784    5   23  186  277.60
  785    5   21  186  277.75
  786    5   18  185  277.90
  787    5   18  185  278.05
  788    5   16  183  278.20
  789    5   16  183  278.35
  790    5   16  183  278.50
  791    5   13  181  278.65
  792    5   13  182  278.80
  793    5   13  182  278.95
  794    5   13  182  279.10
  795    5   10  180  279.25
  796    5   10  180  279.40
  797    5    9  180  279.55
  798    5    8  178  279.70
  799    5    7  180  279.85
  800    5    7  180  280.00
